SOLUTION FOUND! :^)
Step 1: Move block 8 2 steps down
  0 1 2 3 4 5 
  ------------
5|  1 3 3     |
4|  1 4 4     |
3|0 0 5 6 8   
2|2   5 6 8   |
1|2   7 6 9 9 |
0|2   7 10 10 10 |
  ------------
Step 2: Move block 3 2 steps to the right
  0 1 2 3 4 5 
  ------------
5|  1     3 3 |
4|  1 4 4     |
3|0 0 5 6 8   
2|2   5 6 8   |
1|2   7 6 9 9 |
0|2   7 10 10 10 |
  ------------
Step 3: Move block 4 1 step to the right
  0 1 2 3 4 5 
  ------------
5|  1     3 3 |
4|  1   4 4   |
3|0 0 5 6 8   
2|2   5 6 8   |
1|2   7 6 9 9 |
0|2   7 10 10 10 |
  ------------
Step 4: Move block 5 2 steps up
  0 1 2 3 4 5 
  ------------
5|  1 5   3 3 |
4|  1 5 4 4   |
3|0 0   6 8   
2|2     6 8   |
1|2   7 6 9 9 |
0|2   7 10 10 10 |
  ------------
Step 5: Move block 0 1 step to the right
  0 1 2 3 4 5 
  ------------
5|  1 5   3 3 |
4|  1 5 4 4   |
3|  0 0 6 8   
2|2     6 8   |
1|2   7 6 9 9 |
0|2   7 10 10 10 |
  ------------
Step 6: Move block 2 3 steps up
  0 1 2 3 4 5 
  ------------
5|2 1 5   3 3 |
4|2 1 5 4 4   |
3|2 0 0 6 8   
2|      6 8   |
1|    7 6 9 9 |
0|    7 10 10 10 |
  ------------
Step 7: Move block 7 1 step up
  0 1 2 3 4 5 
  ------------
5|2 1 5   3 3 |
4|2 1 5 4 4   |
3|2 0 0 6 8   
2|    7 6 8   |
1|    7 6 9 9 |
0|      10 10 10 |
  ------------
Step 8: Move block 10 3 steps to the left
  0 1 2 3 4 5 
  ------------
5|2 1 5   3 3 |
4|2 1 5 4 4   |
3|2 0 0 6 8   
2|    7 6 8   |
1|    7 6 9 9 |
0|10 10 10       |
  ------------
Step 9: Move block 6 1 step down
  0 1 2 3 4 5 
  ------------
5|2 1 5   3 3 |
4|2 1 5 4 4   |
3|2 0 0   8   
2|    7 6 8   |
1|    7 6 9 9 |
0|10 10 10 6     |
  ------------
Step 10: Move block 0 1 step to the right
  0 1 2 3 4 5 
  ------------
5|2 1 5   3 3 |
4|2 1 5 4 4   |
3|2   0 0 8   
2|    7 6 8   |
1|    7 6 9 9 |
0|10 10 10 6     |
  ------------
Step 11: Move block 1 3 steps down
  0 1 2 3 4 5 
  ------------
5|2   5   3 3 |
4|2   5 4 4   |
3|2   0 0 8   
2|  1 7 6 8   |
1|  1 7 6 9 9 |
0|10 10 10 6     |
  ------------
Step 12: Move block 0 1 step to the left
  0 1 2 3 4 5 
  ------------
5|2   5   3 3 |
4|2   5 4 4   |
3|2 0 0   8   
2|  1 7 6 8   |
1|  1 7 6 9 9 |
0|10 10 10 6     |
  ------------
Step 13: Move block 6 1 step up
  0 1 2 3 4 5 
  ------------
5|2   5   3 3 |
4|2   5 4 4   |
3|2 0 0 6 8   
2|  1 7 6 8   |
1|  1 7 6 9 9 |
0|10 10 10       |
  ------------
Step 14: Move block 10 3 steps to the right
  0 1 2 3 4 5 
  ------------
5|2   5   3 3 |
4|2   5 4 4   |
3|2 0 0 6 8   
2|  1 7 6 8   |
1|  1 7 6 9 9 |
0|      10 10 10 |
  ------------
Step 15: Move block 7 1 step down
  0 1 2 3 4 5 
  ------------
5|2   5   3 3 |
4|2   5 4 4   |
3|2 0 0 6 8   
2|  1   6 8   |
1|  1 7 6 9 9 |
0|    7 10 10 10 |
  ------------
Step 16: Move block 2 3 steps down
  0 1 2 3 4 5 
  ------------
5|    5   3 3 |
4|    5 4 4   |
3|  0 0 6 8   
2|2 1   6 8   |
1|2 1 7 6 9 9 |
0|2   7 10 10 10 |
  ------------
Step 17: Move block 0 1 step to the left
  0 1 2 3 4 5 
  ------------
5|    5   3 3 |
4|    5 4 4   |
3|0 0   6 8   
2|2 1   6 8   |
1|2 1 7 6 9 9 |
0|2   7 10 10 10 |
  ------------
Step 18: Move block 5 2 steps down
  0 1 2 3 4 5 
  ------------
5|        3 3 |
4|      4 4   |
3|0 0 5 6 8   
2|2 1 5 6 8   |
1|2 1 7 6 9 9 |
0|2   7 10 10 10 |
  ------------
Step 19: Move block 3 4 steps to the left
  0 1 2 3 4 5 
  ------------
5|3 3         |
4|      4 4   |
3|0 0 5 6 8   
2|2 1 5 6 8   |
1|2 1 7 6 9 9 |
0|2   7 10 10 10 |
  ------------
Step 20: Move block 4 3 steps to the left
  0 1 2 3 4 5 
  ------------
5|3 3         |
4|4 4         |
3|0 0 5 6 8   
2|2 1 5 6 8   |
1|2 1 7 6 9 9 |
0|2   7 10 10 10 |
  ------------
Step 21: Move block 5 2 steps up
  0 1 2 3 4 5 
  ------------
5|3 3 5       |
4|4 4 5       |
3|0 0   6 8   
2|2 1   6 8   |
1|2 1 7 6 9 9 |
0|2   7 10 10 10 |
  ------------
Step 22: Move block 8 2 steps up
  0 1 2 3 4 5 
  ------------
5|3 3 5   8   |
4|4 4 5   8   |
3|0 0   6     
2|2 1   6     |
1|2 1 7 6 9 9 |
0|2   7 10 10 10 |
  ------------
Step 23: Move block 7 1 step up
  0 1 2 3 4 5 
  ------------
5|3 3 5   8   |
4|4 4 5   8   |
3|0 0   6     
2|2 1 7 6     |
1|2 1 7 6 9 9 |
0|2     10 10 10 |
  ------------
Step 24: Move block 0 1 step to the right
  0 1 2 3 4 5 
  ------------
5|3 3 5   8   |
4|4 4 5   8   |
3|  0 0 6     
2|2 1 7 6     |
1|2 1 7 6 9 9 |
0|2     10 10 10 |
  ------------
Step 25: Move block 2 1 step up
  0 1 2 3 4 5 
  ------------
5|3 3 5   8   |
4|4 4 5   8   |
3|2 0 0 6     
2|2 1 7 6     |
1|2 1 7 6 9 9 |
0|      10 10 10 |
  ------------
Step 26: Move block 10 3 steps to the left
  0 1 2 3 4 5 
  ------------
5|3 3 5   8   |
4|4 4 5   8   |
3|2 0 0 6     
2|2 1 7 6     |
1|2 1 7 6 9 9 |
0|10 10 10       |
  ------------
Step 27: Move block 6 1 step down
  0 1 2 3 4 5 
  ------------
5|3 3 5   8   |
4|4 4 5   8   |
3|2 0 0       
2|2 1 7 6     |
1|2 1 7 6 9 9 |
0|10 10 10 6     |
  ------------
