SOLUTION FOUND! :^)
Step 1: Move block 4 1 step up
  0 1 2 3 4 5 
  ------------
5|4 3 5 5 5 7 |
4|4 3     6 7 |
3|  3 0 0 6   
2|2 2 1   6   |
1|    1 8 8 8 |
0|  9 9 10 10   |
  ------------
Step 2: Move block 7 1 step down
  0 1 2 3 4 5 
  ------------
5|4 3 5 5 5   |
4|4 3     6 7 |
3|  3 0 0 6 7 
2|2 2 1   6   |
1|    1 8 8 8 |
0|  9 9 10 10   |
  ------------
Step 3: Move block 9 1 step to the left
  0 1 2 3 4 5 
  ------------
5|4 3 5 5 5   |
4|4 3     6 7 |
3|  3 0 0 6 7 
2|2 2 1   6   |
1|    1 8 8 8 |
0|9 9   10 10   |
  ------------
Step 4: Move block 10 1 step to the right
  0 1 2 3 4 5 
  ------------
5|4 3 5 5 5   |
4|4 3     6 7 |
3|  3 0 0 6 7 
2|2 2 1   6   |
1|    1 8 8 8 |
0|9 9     10 10 |
  ------------
Step 5: Move block 1 1 step down
  0 1 2 3 4 5 
  ------------
5|4 3 5 5 5   |
4|4 3     6 7 |
3|  3 0 0 6 7 
2|2 2     6   |
1|    1 8 8 8 |
0|9 9 1   10 10 |
  ------------
Step 6: Move block 2 2 steps to the right
  0 1 2 3 4 5 
  ------------
5|4 3 5 5 5   |
4|4 3     6 7 |
3|  3 0 0 6 7 
2|    2 2 6   |
1|    1 8 8 8 |
0|9 9 1   10 10 |
  ------------
Step 7: Move block 3 1 step down
  0 1 2 3 4 5 
  ------------
5|4   5 5 5   |
4|4 3     6 7 |
3|  3 0 0 6 7 
2|  3 2 2 6   |
1|    1 8 8 8 |
0|9 9 1   10 10 |
  ------------
Step 8: Move block 5 1 step to the left
  0 1 2 3 4 5 
  ------------
5|4 5 5 5     |
4|4 3     6 7 |
3|  3 0 0 6 7 
2|  3 2 2 6   |
1|    1 8 8 8 |
0|9 9 1   10 10 |
  ------------
Step 9: Move block 6 1 step up
  0 1 2 3 4 5 
  ------------
5|4 5 5 5 6   |
4|4 3     6 7 |
3|  3 0 0 6 7 
2|  3 2 2     |
1|    1 8 8 8 |
0|9 9 1   10 10 |
  ------------
Step 10: Move block 2 1 step to the right
  0 1 2 3 4 5 
  ------------
5|4 5 5 5 6   |
4|4 3     6 7 |
3|  3 0 0 6 7 
2|  3   2 2   |
1|    1 8 8 8 |
0|9 9 1   10 10 |
  ------------
Step 11: Move block 1 1 step up
  0 1 2 3 4 5 
  ------------
5|4 5 5 5 6   |
4|4 3     6 7 |
3|  3 0 0 6 7 
2|  3 1 2 2   |
1|    1 8 8 8 |
0|9 9     10 10 |
  ------------
Step 12: Move block 9 2 steps to the right
  0 1 2 3 4 5 
  ------------
5|4 5 5 5 6   |
4|4 3     6 7 |
3|  3 0 0 6 7 
2|  3 1 2 2   |
1|    1 8 8 8 |
0|    9 9 10 10 |
  ------------
Step 13: Move block 3 2 steps down
  0 1 2 3 4 5 
  ------------
5|4 5 5 5 6   |
4|4       6 7 |
3|    0 0 6 7 
2|  3 1 2 2   |
1|  3 1 8 8 8 |
0|  3 9 9 10 10 |
  ------------
Step 14: Move block 0 2 steps to the left
  0 1 2 3 4 5 
  ------------
5|4 5 5 5 6   |
4|4       6 7 |
3|0 0     6 7 
2|  3 1 2 2   |
1|  3 1 8 8 8 |
0|  3 9 9 10 10 |
  ------------
Step 15: Move block 1 2 steps up
  0 1 2 3 4 5 
  ------------
5|4 5 5 5 6   |
4|4   1   6 7 |
3|0 0 1   6 7 
2|  3   2 2   |
1|  3   8 8 8 |
0|  3 9 9 10 10 |
  ------------
Step 16: Move block 2 1 step to the left
  0 1 2 3 4 5 
  ------------
5|4 5 5 5 6   |
4|4   1   6 7 |
3|0 0 1   6 7 
2|  3 2 2     |
1|  3   8 8 8 |
0|  3 9 9 10 10 |
  ------------
Step 17: Move block 6 1 step down
  0 1 2 3 4 5 
  ------------
5|4 5 5 5     |
4|4   1   6 7 |
3|0 0 1   6 7 
2|  3 2 2 6   |
1|  3   8 8 8 |
0|  3 9 9 10 10 |
  ------------
Step 18: Move block 5 2 steps to the right
  0 1 2 3 4 5 
  ------------
5|4     5 5 5 |
4|4   1   6 7 |
3|0 0 1   6 7 
2|  3 2 2 6   |
1|  3   8 8 8 |
0|  3 9 9 10 10 |
  ------------
Step 19: Move block 1 1 step up
  0 1 2 3 4 5 
  ------------
5|4   1 5 5 5 |
4|4   1   6 7 |
3|0 0     6 7 
2|  3 2 2 6   |
1|  3   8 8 8 |
0|  3 9 9 10 10 |
  ------------
Step 20: Move block 0 2 steps to the right
  0 1 2 3 4 5 
  ------------
5|4   1 5 5 5 |
4|4   1   6 7 |
3|    0 0 6 7 
2|  3 2 2 6   |
1|  3   8 8 8 |
0|  3 9 9 10 10 |
  ------------
Step 21: Move block 3 3 steps up
  0 1 2 3 4 5 
  ------------
5|4 3 1 5 5 5 |
4|4 3 1   6 7 |
3|  3 0 0 6 7 
2|    2 2 6   |
1|      8 8 8 |
0|    9 9 10 10 |
  ------------
Step 22: Move block 9 2 steps to the left
  0 1 2 3 4 5 
  ------------
5|4 3 1 5 5 5 |
4|4 3 1   6 7 |
3|  3 0 0 6 7 
2|    2 2 6   |
1|      8 8 8 |
0|9 9     10 10 |
  ------------
Step 23: Move block 8 3 steps to the left
  0 1 2 3 4 5 
  ------------
5|4 3 1 5 5 5 |
4|4 3 1   6 7 |
3|  3 0 0 6 7 
2|    2 2 6   |
1|8 8 8       |
0|9 9     10 10 |
  ------------
Step 24: Move block 10 2 steps to the left
  0 1 2 3 4 5 
  ------------
5|4 3 1 5 5 5 |
4|4 3 1   6 7 |
3|  3 0 0 6 7 
2|    2 2 6   |
1|8 8 8       |
0|9 9 10 10     |
  ------------
Step 25: Move block 7 2 steps down
  0 1 2 3 4 5 
  ------------
5|4 3 1 5 5 5 |
4|4 3 1   6   |
3|  3 0 0 6   
2|    2 2 6 7 |
1|8 8 8     7 |
0|9 9 10 10     |
  ------------
Step 26: Move block 6 2 steps down
  0 1 2 3 4 5 
  ------------
5|4 3 1 5 5 5 |
4|4 3 1       |
3|  3 0 0     
2|    2 2 6 7 |
1|8 8 8   6 7 |
0|9 9 10 10 6   |
  ------------
