SOLUTION FOUND! :^)
Step 1: Move block 2 1 step to the left
  0 1 2 3 4 5 
  ------------
5|  1 6 6 9 10 |
4|  1 4 5 9 10 |
3|0 0 4 5 9 11 
2|2 2   7   11 |
1|      7     |
0|  3 3 8 8   |
  ------------
Step 2: Move block 8 1 step to the right
  0 1 2 3 4 5 
  ------------
5|  1 6 6 9 10 |
4|  1 4 5 9 10 |
3|0 0 4 5 9 11 
2|2 2   7   11 |
1|      7     |
0|  3 3   8 8 |
  ------------
Step 3: Move block 11 1 step down
  0 1 2 3 4 5 
  ------------
5|  1 6 6 9 10 |
4|  1 4 5 9 10 |
3|0 0 4 5 9   
2|2 2   7   11 |
1|      7   11 |
0|  3 3   8 8 |
  ------------
Step 4: Move block 9 1 step down
  0 1 2 3 4 5 
  ------------
5|  1 6 6   10 |
4|  1 4 5 9 10 |
3|0 0 4 5 9   
2|2 2   7 9 11 |
1|      7   11 |
0|  3 3   8 8 |
  ------------
Step 5: Move block 7 1 step down
  0 1 2 3 4 5 
  ------------
5|  1 6 6   10 |
4|  1 4 5 9 10 |
3|0 0 4 5 9   
2|2 2     9 11 |
1|      7   11 |
0|  3 3 7 8 8 |
  ------------
Step 6: Move block 3 1 step to the left
  0 1 2 3 4 5 
  ------------
5|  1 6 6   10 |
4|  1 4 5 9 10 |
3|0 0 4 5 9   
2|2 2     9 11 |
1|      7   11 |
0|3 3   7 8 8 |
  ------------
Step 7: Move block 10 1 step down
  0 1 2 3 4 5 
  ------------
5|  1 6 6     |
4|  1 4 5 9 10 |
3|0 0 4 5 9 10 
2|2 2     9 11 |
1|      7   11 |
0|3 3   7 8 8 |
  ------------
Step 8: Move block 6 2 steps to the right
  0 1 2 3 4 5 
  ------------
5|  1     6 6 |
4|  1 4 5 9 10 |
3|0 0 4 5 9 10 
2|2 2     9 11 |
1|      7   11 |
0|3 3   7 8 8 |
  ------------
Step 9: Move block 5 1 step up
  0 1 2 3 4 5 
  ------------
5|  1   5 6 6 |
4|  1 4 5 9 10 |
3|0 0 4   9 10 
2|2 2     9 11 |
1|      7   11 |
0|3 3   7 8 8 |
  ------------
Step 10: Move block 4 3 steps down
  0 1 2 3 4 5 
  ------------
5|  1   5 6 6 |
4|  1   5 9 10 |
3|0 0     9 10 
2|2 2     9 11 |
1|    4 7   11 |
0|3 3 4 7 8 8 |
  ------------
Step 11: Move block 2 2 steps to the right
  0 1 2 3 4 5 
  ------------
5|  1   5 6 6 |
4|  1   5 9 10 |
3|0 0     9 10 
2|    2 2 9 11 |
1|    4 7   11 |
0|3 3 4 7 8 8 |
  ------------
Step 12: Move block 0 2 steps to the right
  0 1 2 3 4 5 
  ------------
5|  1   5 6 6 |
4|  1   5 9 10 |
3|    0 0 9 10 
2|    2 2 9 11 |
1|    4 7   11 |
0|3 3 4 7 8 8 |
  ------------
Step 13: Move block 1 3 steps down
  0 1 2 3 4 5 
  ------------
5|      5 6 6 |
4|      5 9 10 |
3|    0 0 9 10 
2|  1 2 2 9 11 |
1|  1 4 7   11 |
0|3 3 4 7 8 8 |
  ------------
Step 14: Move block 0 2 steps to the left
  0 1 2 3 4 5 
  ------------
5|      5 6 6 |
4|      5 9 10 |
3|0 0     9 10 
2|  1 2 2 9 11 |
1|  1 4 7   11 |
0|3 3 4 7 8 8 |
  ------------
Step 15: Move block 5 1 step down
  0 1 2 3 4 5 
  ------------
5|        6 6 |
4|      5 9 10 |
3|0 0   5 9 10 
2|  1 2 2 9 11 |
1|  1 4 7   11 |
0|3 3 4 7 8 8 |
  ------------
Step 16: Move block 6 3 steps to the left
  0 1 2 3 4 5 
  ------------
5|  6 6       |
4|      5 9 10 |
3|0 0   5 9 10 
2|  1 2 2 9 11 |
1|  1 4 7   11 |
0|3 3 4 7 8 8 |
  ------------
Step 17: Move block 10 1 step up
  0 1 2 3 4 5 
  ------------
5|  6 6     10 |
4|      5 9 10 |
3|0 0   5 9   
2|  1 2 2 9 11 |
1|  1 4 7   11 |
0|3 3 4 7 8 8 |
  ------------
Step 18: Move block 5 1 step up
  0 1 2 3 4 5 
  ------------
5|  6 6 5   10 |
4|      5 9 10 |
3|0 0     9   
2|  1 2 2 9 11 |
1|  1 4 7   11 |
0|3 3 4 7 8 8 |
  ------------
Step 19: Move block 0 2 steps to the right
  0 1 2 3 4 5 
  ------------
5|  6 6 5   10 |
4|      5 9 10 |
3|    0 0 9   
2|  1 2 2 9 11 |
1|  1 4 7   11 |
0|3 3 4 7 8 8 |
  ------------
Step 20: Move block 1 2 steps up
  0 1 2 3 4 5 
  ------------
5|  6 6 5   10 |
4|  1   5 9 10 |
3|  1 0 0 9   
2|    2 2 9 11 |
1|    4 7   11 |
0|3 3 4 7 8 8 |
  ------------
Step 21: Move block 2 2 steps to the left
  0 1 2 3 4 5 
  ------------
5|  6 6 5   10 |
4|  1   5 9 10 |
3|  1 0 0 9   
2|2 2     9 11 |
1|    4 7   11 |
0|3 3 4 7 8 8 |
  ------------
Step 22: Move block 7 1 step up
  0 1 2 3 4 5 
  ------------
5|  6 6 5   10 |
4|  1   5 9 10 |
3|  1 0 0 9   
2|2 2   7 9 11 |
1|    4 7   11 |
0|3 3 4   8 8 |
  ------------
Step 23: Move block 4 1 step up
  0 1 2 3 4 5 
  ------------
5|  6 6 5   10 |
4|  1   5 9 10 |
3|  1 0 0 9   
2|2 2 4 7 9 11 |
1|    4 7   11 |
0|3 3     8 8 |
  ------------
Step 24: Move block 8 2 steps to the left
  0 1 2 3 4 5 
  ------------
5|  6 6 5   10 |
4|  1   5 9 10 |
3|  1 0 0 9   
2|2 2 4 7 9 11 |
1|    4 7   11 |
0|3 3 8 8     |
  ------------
Step 25: Move block 9 2 steps down
  0 1 2 3 4 5 
  ------------
5|  6 6 5   10 |
4|  1   5   10 |
3|  1 0 0     
2|2 2 4 7 9 11 |
1|    4 7 9 11 |
0|3 3 8 8 9   |
  ------------
