SOLUTION FOUND! :^)
Step 1: Move block 8 1 step up
  0 1 2 3 4 5 
  ------------
5|  3 4 4 4 10 |
4|  3 5 5 5 10 |
3|0 0 6 8 9 10 
2|1 1 6 8 9   |
1|2   6 8     |
0|2 7 7       |
  ------------
Step 2: Move block 7 3 steps to the right
  0 1 2 3 4 5 
  ------------
5|  3 4 4 4 10 |
4|  3 5 5 5 10 |
3|0 0 6 8 9 10 
2|1 1 6 8 9   |
1|2   6 8     |
0|2       7 7 |
  ------------
Step 3: Move block 6 1 step down
  0 1 2 3 4 5 
  ------------
5|  3 4 4 4 10 |
4|  3 5 5 5 10 |
3|0 0   8 9 10 
2|1 1 6 8 9   |
1|2   6 8     |
0|2   6   7 7 |
  ------------
Step 4: Move block 8 1 step down
  0 1 2 3 4 5 
  ------------
5|  3 4 4 4 10 |
4|  3 5 5 5 10 |
3|0 0     9 10 
2|1 1 6 8 9   |
1|2   6 8     |
0|2   6 8 7 7 |
  ------------
Step 5: Move block 9 1 step down
  0 1 2 3 4 5 
  ------------
5|  3 4 4 4 10 |
4|  3 5 5 5 10 |
3|0 0       10 
2|1 1 6 8 9   |
1|2   6 8 9   |
0|2   6 8 7 7 |
  ------------
Step 6: Move block 0 3 steps to the right
  0 1 2 3 4 5 
  ------------
5|  3 4 4 4 10 |
4|  3 5 5 5 10 |
3|      0 0 10 
2|1 1 6 8 9   |
1|2   6 8 9   |
0|2   6 8 7 7 |
  ------------
Step 7: Move block 10 2 steps down
  0 1 2 3 4 5 
  ------------
5|  3 4 4 4   |
4|  3 5 5 5   |
3|      0 0 10 
2|1 1 6 8 9 10 |
1|2   6 8 9 10 |
0|2   6 8 7 7 |
  ------------
Step 8: Move block 5 1 step to the right
  0 1 2 3 4 5 
  ------------
5|  3 4 4 4   |
4|  3   5 5 5 |
3|      0 0 10 
2|1 1 6 8 9 10 |
1|2   6 8 9 10 |
0|2   6 8 7 7 |
  ------------
Step 9: Move block 4 1 step to the right
  0 1 2 3 4 5 
  ------------
5|  3   4 4 4 |
4|  3   5 5 5 |
3|      0 0 10 
2|1 1 6 8 9 10 |
1|2   6 8 9 10 |
0|2   6 8 7 7 |
  ------------
Step 10: Move block 6 3 steps up
  0 1 2 3 4 5 
  ------------
5|  3 6 4 4 4 |
4|  3 6 5 5 5 |
3|    6 0 0 10 
2|1 1   8 9 10 |
1|2     8 9 10 |
0|2     8 7 7 |
  ------------
Step 11: Move block 1 1 step to the right
  0 1 2 3 4 5 
  ------------
5|  3 6 4 4 4 |
4|  3 6 5 5 5 |
3|    6 0 0 10 
2|  1 1 8 9 10 |
1|2     8 9 10 |
0|2     8 7 7 |
  ------------
Step 12: Move block 2 4 steps up
  0 1 2 3 4 5 
  ------------
5|2 3 6 4 4 4 |
4|2 3 6 5 5 5 |
3|    6 0 0 10 
2|  1 1 8 9 10 |
1|      8 9 10 |
0|      8 7 7 |
  ------------
Step 13: Move block 1 1 step to the left
  0 1 2 3 4 5 
  ------------
5|2 3 6 4 4 4 |
4|2 3 6 5 5 5 |
3|    6 0 0 10 
2|1 1   8 9 10 |
1|      8 9 10 |
0|      8 7 7 |
  ------------
Step 14: Move block 6 3 steps down
  0 1 2 3 4 5 
  ------------
5|2 3   4 4 4 |
4|2 3   5 5 5 |
3|      0 0 10 
2|1 1 6 8 9 10 |
1|    6 8 9 10 |
0|    6 8 7 7 |
  ------------
Step 15: Move block 0 3 steps to the left
  0 1 2 3 4 5 
  ------------
5|2 3   4 4 4 |
4|2 3   5 5 5 |
3|0 0       10 
2|1 1 6 8 9 10 |
1|    6 8 9 10 |
0|    6 8 7 7 |
  ------------
Step 16: Move block 6 3 steps up
  0 1 2 3 4 5 
  ------------
5|2 3 6 4 4 4 |
4|2 3 6 5 5 5 |
3|0 0 6     10 
2|1 1   8 9 10 |
1|      8 9 10 |
0|      8 7 7 |
  ------------
Step 17: Move block 8 1 step up
  0 1 2 3 4 5 
  ------------
5|2 3 6 4 4 4 |
4|2 3 6 5 5 5 |
3|0 0 6 8   10 
2|1 1   8 9 10 |
1|      8 9 10 |
0|        7 7 |
  ------------
Step 18: Move block 7 4 steps to the left
  0 1 2 3 4 5 
  ------------
5|2 3 6 4 4 4 |
4|2 3 6 5 5 5 |
3|0 0 6 8   10 
2|1 1   8 9 10 |
1|      8 9 10 |
0|7 7         |
  ------------
Step 19: Move block 10 1 step down
  0 1 2 3 4 5 
  ------------
5|2 3 6 4 4 4 |
4|2 3 6 5 5 5 |
3|0 0 6 8     
2|1 1   8 9 10 |
1|      8 9 10 |
0|7 7       10 |
  ------------
Step 20: Move block 8 1 step down
  0 1 2 3 4 5 
  ------------
5|2 3 6 4 4 4 |
4|2 3 6 5 5 5 |
3|0 0 6       
2|1 1   8 9 10 |
1|      8 9 10 |
0|7 7   8   10 |
  ------------
Step 21: Move block 6 3 steps down
  0 1 2 3 4 5 
  ------------
5|2 3   4 4 4 |
4|2 3   5 5 5 |
3|0 0         
2|1 1 6 8 9 10 |
1|    6 8 9 10 |
0|7 7 6 8   10 |
  ------------
