SOLUTION FOUND! :^)
Step 1: Move block 3 1 step to the left
  0 1 2 3 4 5 
  ------------
5|1 3 3   8 9 |
4|1 4 4 4 8 9 |
3|0 0 5 6 7   
2|2 2 5 6 7   |
1|      10 11 11 |
0|      10 12 12 |
  ------------
Step 2: Move block 5 2 steps down
  0 1 2 3 4 5 
  ------------
5|1 3 3   8 9 |
4|1 4 4 4 8 9 |
3|0 0   6 7   
2|2 2   6 7   |
1|    5 10 11 11 |
0|    5 10 12 12 |
  ------------
Step 3: Move block 0 1 step to the right
  0 1 2 3 4 5 
  ------------
5|1 3 3   8 9 |
4|1 4 4 4 8 9 |
3|  0 0 6 7   
2|2 2   6 7   |
1|    5 10 11 11 |
0|    5 10 12 12 |
  ------------
Step 4: Move block 2 1 step to the right
  0 1 2 3 4 5 
  ------------
5|1 3 3   8 9 |
4|1 4 4 4 8 9 |
3|  0 0 6 7   
2|  2 2 6 7   |
1|    5 10 11 11 |
0|    5 10 12 12 |
  ------------
Step 5: Move block 1 4 steps down
  0 1 2 3 4 5 
  ------------
5|  3 3   8 9 |
4|  4 4 4 8 9 |
3|  0 0 6 7   
2|  2 2 6 7   |
1|1   5 10 11 11 |
0|1   5 10 12 12 |
  ------------
Step 6: Move block 0 1 step to the left
  0 1 2 3 4 5 
  ------------
5|  3 3   8 9 |
4|  4 4 4 8 9 |
3|0 0   6 7   
2|  2 2 6 7   |
1|1   5 10 11 11 |
0|1   5 10 12 12 |
  ------------
Step 7: Move block 2 1 step to the left
  0 1 2 3 4 5 
  ------------
5|  3 3   8 9 |
4|  4 4 4 8 9 |
3|0 0   6 7   
2|2 2   6 7   |
1|1   5 10 11 11 |
0|1   5 10 12 12 |
  ------------
Step 8: Move block 4 1 step to the left
  0 1 2 3 4 5 
  ------------
5|  3 3   8 9 |
4|4 4 4   8 9 |
3|0 0   6 7   
2|2 2   6 7   |
1|1   5 10 11 11 |
0|1   5 10 12 12 |
  ------------
Step 9: Move block 5 2 steps up
  0 1 2 3 4 5 
  ------------
5|  3 3   8 9 |
4|4 4 4   8 9 |
3|0 0 5 6 7   
2|2 2 5 6 7   |
1|1     10 11 11 |
0|1     10 12 12 |
  ------------
Step 10: Move block 6 2 steps up
  0 1 2 3 4 5 
  ------------
5|  3 3 6 8 9 |
4|4 4 4 6 8 9 |
3|0 0 5   7   
2|2 2 5   7   |
1|1     10 11 11 |
0|1     10 12 12 |
  ------------
Step 11: Move block 10 2 steps up
  0 1 2 3 4 5 
  ------------
5|  3 3 6 8 9 |
4|4 4 4 6 8 9 |
3|0 0 5 10 7   
2|2 2 5 10 7   |
1|1       11 11 |
0|1       12 12 |
  ------------
Step 12: Move block 11 3 steps to the left
  0 1 2 3 4 5 
  ------------
5|  3 3 6 8 9 |
4|4 4 4 6 8 9 |
3|0 0 5 10 7   
2|2 2 5 10 7   |
1|1 11 11       |
0|1       12 12 |
  ------------
Step 13: Move block 9 3 steps down
  0 1 2 3 4 5 
  ------------
5|  3 3 6 8   |
4|4 4 4 6 8   |
3|0 0 5 10 7   
2|2 2 5 10 7 9 |
1|1 11 11     9 |
0|1       12 12 |
  ------------
Step 14: Move block 12 3 steps to the left
  0 1 2 3 4 5 
  ------------
5|  3 3 6 8   |
4|4 4 4 6 8   |
3|0 0 5 10 7   
2|2 2 5 10 7 9 |
1|1 11 11     9 |
0|1 12 12       |
  ------------
Step 15: Move block 7 2 steps down
  0 1 2 3 4 5 
  ------------
5|  3 3 6 8   |
4|4 4 4 6 8   |
3|0 0 5 10     
2|2 2 5 10   9 |
1|1 11 11   7 9 |
0|1 12 12   7   |
  ------------
Step 16: Move block 8 2 steps down
  0 1 2 3 4 5 
  ------------
5|  3 3 6     |
4|4 4 4 6     |
3|0 0 5 10 8   
2|2 2 5 10 8 9 |
1|1 11 11   7 9 |
0|1 12 12   7   |
  ------------
Step 17: Move block 10 2 steps down
  0 1 2 3 4 5 
  ------------
5|  3 3 6     |
4|4 4 4 6     |
3|0 0 5   8   
2|2 2 5   8 9 |
1|1 11 11 10 7 9 |
0|1 12 12 10 7   |
  ------------
Step 18: Move block 6 2 steps down
  0 1 2 3 4 5 
  ------------
5|  3 3       |
4|4 4 4       |
3|0 0 5 6 8   
2|2 2 5 6 8 9 |
1|1 11 11 10 7 9 |
0|1 12 12 10 7   |
  ------------
Step 19: Move block 3 2 steps to the right
  0 1 2 3 4 5 
  ------------
5|      3 3   |
4|4 4 4       |
3|0 0 5 6 8   
2|2 2 5 6 8 9 |
1|1 11 11 10 7 9 |
0|1 12 12 10 7   |
  ------------
Step 20: Move block 4 3 steps to the right
  0 1 2 3 4 5 
  ------------
5|      3 3   |
4|      4 4 4 |
3|0 0 5 6 8   
2|2 2 5 6 8 9 |
1|1 11 11 10 7 9 |
0|1 12 12 10 7   |
  ------------
Step 21: Move block 5 2 steps up
  0 1 2 3 4 5 
  ------------
5|    5 3 3   |
4|    5 4 4 4 |
3|0 0   6 8   
2|2 2   6 8 9 |
1|1 11 11 10 7 9 |
0|1 12 12 10 7   |
  ------------
Step 22: Move block 0 1 step to the right
  0 1 2 3 4 5 
  ------------
5|    5 3 3   |
4|    5 4 4 4 |
3|  0 0 6 8   
2|2 2   6 8 9 |
1|1 11 11 10 7 9 |
0|1 12 12 10 7   |
  ------------
Step 23: Move block 2 1 step to the right
  0 1 2 3 4 5 
  ------------
5|    5 3 3   |
4|    5 4 4 4 |
3|  0 0 6 8   
2|  2 2 6 8 9 |
1|1 11 11 10 7 9 |
0|1 12 12 10 7   |
  ------------
Step 24: Move block 1 4 steps up
  0 1 2 3 4 5 
  ------------
5|1   5 3 3   |
4|1   5 4 4 4 |
3|  0 0 6 8   
2|  2 2 6 8 9 |
1|  11 11 10 7 9 |
0|  12 12 10 7   |
  ------------
Step 25: Move block 0 1 step to the left
  0 1 2 3 4 5 
  ------------
5|1   5 3 3   |
4|1   5 4 4 4 |
3|0 0   6 8   
2|  2 2 6 8 9 |
1|  11 11 10 7 9 |
0|  12 12 10 7   |
  ------------
Step 26: Move block 2 1 step to the left
  0 1 2 3 4 5 
  ------------
5|1   5 3 3   |
4|1   5 4 4 4 |
3|0 0   6 8   
2|2 2   6 8 9 |
1|  11 11 10 7 9 |
0|  12 12 10 7   |
  ------------
Step 27: Move block 11 1 step to the left
  0 1 2 3 4 5 
  ------------
5|1   5 3 3   |
4|1   5 4 4 4 |
3|0 0   6 8   
2|2 2   6 8 9 |
1|11 11   10 7 9 |
0|  12 12 10 7   |
  ------------
Step 28: Move block 12 1 step to the left
  0 1 2 3 4 5 
  ------------
5|1   5 3 3   |
4|1   5 4 4 4 |
3|0 0   6 8   
2|2 2   6 8 9 |
1|11 11   10 7 9 |
0|12 12   10 7   |
  ------------
Step 29: Move block 5 4 steps down
  0 1 2 3 4 5 
  ------------
5|1     3 3   |
4|1     4 4 4 |
3|0 0   6 8   
2|2 2   6 8 9 |
1|11 11 5 10 7 9 |
0|12 12 5 10 7   |
  ------------
Step 30: Move block 0 1 step to the right
  0 1 2 3 4 5 
  ------------
5|1     3 3   |
4|1     4 4 4 |
3|  0 0 6 8   
2|2 2   6 8 9 |
1|11 11 5 10 7 9 |
0|12 12 5 10 7   |
  ------------
Step 31: Move block 2 1 step to the right
  0 1 2 3 4 5 
  ------------
5|1     3 3   |
4|1     4 4 4 |
3|  0 0 6 8   
2|  2 2 6 8 9 |
1|11 11 5 10 7 9 |
0|12 12 5 10 7   |
  ------------
Step 32: Move block 1 2 steps down
  0 1 2 3 4 5 
  ------------
5|      3 3   |
4|      4 4 4 |
3|1 0 0 6 8   
2|1 2 2 6 8 9 |
1|11 11 5 10 7 9 |
0|12 12 5 10 7   |
  ------------
Step 33: Move block 3 2 steps to the left
  0 1 2 3 4 5 
  ------------
5|  3 3       |
4|      4 4 4 |
3|1 0 0 6 8   
2|1 2 2 6 8 9 |
1|11 11 5 10 7 9 |
0|12 12 5 10 7   |
  ------------
Step 34: Move block 4 3 steps to the left
  0 1 2 3 4 5 
  ------------
5|  3 3       |
4|4 4 4       |
3|1 0 0 6 8   
2|1 2 2 6 8 9 |
1|11 11 5 10 7 9 |
0|12 12 5 10 7   |
  ------------
Step 35: Move block 6 2 steps up
  0 1 2 3 4 5 
  ------------
5|  3 3 6     |
4|4 4 4 6     |
3|1 0 0   8   
2|1 2 2   8 9 |
1|11 11 5 10 7 9 |
0|12 12 5 10 7   |
  ------------
Step 36: Move block 8 2 steps up
  0 1 2 3 4 5 
  ------------
5|  3 3 6 8   |
4|4 4 4 6 8   |
3|1 0 0       
2|1 2 2     9 |
1|11 11 5 10 7 9 |
0|12 12 5 10 7   |
  ------------
