SOLUTION FOUND! :^)
Step 1: Move block 10 1 step up
  0 1 2 3 4 5 
  ------------
5|  1 2 3 4 4 |
4|  1 2 3 5 5 |
3|0 0 2     10 
2|7 6 6 6   10 |
1|7         10 |
0|8 8 9 9     |
  ------------
Step 2: Move block 9 2 steps to the right
  0 1 2 3 4 5 
  ------------
5|  1 2 3 4 4 |
4|  1 2 3 5 5 |
3|0 0 2     10 
2|7 6 6 6   10 |
1|7         10 |
0|8 8     9 9 |
  ------------
Step 3: Move block 8 1 step to the right
  0 1 2 3 4 5 
  ------------
5|  1 2 3 4 4 |
4|  1 2 3 5 5 |
3|0 0 2     10 
2|7 6 6 6   10 |
1|7         10 |
0|  8 8   9 9 |
  ------------
Step 4: Move block 7 1 step down
  0 1 2 3 4 5 
  ------------
5|  1 2 3 4 4 |
4|  1 2 3 5 5 |
3|0 0 2     10 
2|  6 6 6   10 |
1|7         10 |
0|7 8 8   9 9 |
  ------------
Step 5: Move block 6 1 step to the left
  0 1 2 3 4 5 
  ------------
5|  1 2 3 4 4 |
4|  1 2 3 5 5 |
3|0 0 2     10 
2|6 6 6     10 |
1|7         10 |
0|7 8 8   9 9 |
  ------------
Step 6: Move block 3 4 steps down
  0 1 2 3 4 5 
  ------------
5|  1 2   4 4 |
4|  1 2   5 5 |
3|0 0 2     10 
2|6 6 6     10 |
1|7     3   10 |
0|7 8 8 3 9 9 |
  ------------
Step 7: Move block 5 1 step to the left
  0 1 2 3 4 5 
  ------------
5|  1 2   4 4 |
4|  1 2 5 5   |
3|0 0 2     10 
2|6 6 6     10 |
1|7     3   10 |
0|7 8 8 3 9 9 |
  ------------
Step 8: Move block 4 1 step to the left
  0 1 2 3 4 5 
  ------------
5|  1 2 4 4   |
4|  1 2 5 5   |
3|0 0 2     10 
2|6 6 6     10 |
1|7     3   10 |
0|7 8 8 3 9 9 |
  ------------
Step 9: Move block 10 2 steps up
  0 1 2 3 4 5 
  ------------
5|  1 2 4 4 10 |
4|  1 2 5 5 10 |
3|0 0 2     10 
2|6 6 6       |
1|7     3     |
0|7 8 8 3 9 9 |
  ------------
Step 10: Move block 6 3 steps to the right
  0 1 2 3 4 5 
  ------------
5|  1 2 4 4 10 |
4|  1 2 5 5 10 |
3|0 0 2     10 
2|      6 6 6 |
1|7     3     |
0|7 8 8 3 9 9 |
  ------------
Step 11: Move block 7 1 step up
  0 1 2 3 4 5 
  ------------
5|  1 2 4 4 10 |
4|  1 2 5 5 10 |
3|0 0 2     10 
2|7     6 6 6 |
1|7     3     |
0|  8 8 3 9 9 |
  ------------
Step 12: Move block 8 1 step to the left
  0 1 2 3 4 5 
  ------------
5|  1 2 4 4 10 |
4|  1 2 5 5 10 |
3|0 0 2     10 
2|7     6 6 6 |
1|7     3     |
0|8 8   3 9 9 |
  ------------
Step 13: Move block 2 3 steps down
  0 1 2 3 4 5 
  ------------
5|  1   4 4 10 |
4|  1   5 5 10 |
3|0 0       10 
2|7   2 6 6 6 |
1|7   2 3     |
0|8 8 2 3 9 9 |
  ------------
Step 14: Move block 0 3 steps to the right
  0 1 2 3 4 5 
  ------------
5|  1   4 4 10 |
4|  1   5 5 10 |
3|      0 0 10 
2|7   2 6 6 6 |
1|7   2 3     |
0|8 8 2 3 9 9 |
  ------------
Step 15: Move block 7 3 steps up
  0 1 2 3 4 5 
  ------------
5|7 1   4 4 10 |
4|7 1   5 5 10 |
3|      0 0 10 
2|    2 6 6 6 |
1|    2 3     |
0|8 8 2 3 9 9 |
  ------------
Step 16: Move block 2 3 steps up
  0 1 2 3 4 5 
  ------------
5|7 1 2 4 4 10 |
4|7 1 2 5 5 10 |
3|    2 0 0 10 
2|      6 6 6 |
1|      3     |
0|8 8   3 9 9 |
  ------------
Step 17: Move block 6 3 steps to the left
  0 1 2 3 4 5 
  ------------
5|7 1 2 4 4 10 |
4|7 1 2 5 5 10 |
3|    2 0 0 10 
2|6 6 6       |
1|      3     |
0|8 8   3 9 9 |
  ------------
Step 18: Move block 3 1 step up
  0 1 2 3 4 5 
  ------------
5|7 1 2 4 4 10 |
4|7 1 2 5 5 10 |
3|    2 0 0 10 
2|6 6 6 3     |
1|      3     |
0|8 8     9 9 |
  ------------
Step 19: Move block 9 2 steps to the left
  0 1 2 3 4 5 
  ------------
5|7 1 2 4 4 10 |
4|7 1 2 5 5 10 |
3|    2 0 0 10 
2|6 6 6 3     |
1|      3     |
0|8 8 9 9     |
  ------------
Step 20: Move block 10 3 steps down
  0 1 2 3 4 5 
  ------------
5|7 1 2 4 4   |
4|7 1 2 5 5   |
3|    2 0 0   
2|6 6 6 3   10 |
1|      3   10 |
0|8 8 9 9   10 |
  ------------
