SOLUTION FOUND! :^)
Step 1: Move block 0 1 step to the right
  0 1 2 3 4 5 
  ------------
5|2 2   7 8   |
4|1 1 1 7 8   |
3|  0 0 7 9   
2|3   5 5 9   |
1|3   6 10 10   |
0|4 4 6       |
  ------------
Step 2: Move block 5 1 step to the left
  0 1 2 3 4 5 
  ------------
5|2 2   7 8   |
4|1 1 1 7 8   |
3|  0 0 7 9   
2|3 5 5   9   |
1|3   6 10 10   |
0|4 4 6       |
  ------------
Step 3: Move block 10 1 step to the right
  0 1 2 3 4 5 
  ------------
5|2 2   7 8   |
4|1 1 1 7 8   |
3|  0 0 7 9   
2|3 5 5   9   |
1|3   6   10 10 |
0|4 4 6       |
  ------------
Step 4: Move block 7 2 steps down
  0 1 2 3 4 5 
  ------------
5|2 2     8   |
4|1 1 1   8   |
3|  0 0 7 9   
2|3 5 5 7 9   |
1|3   6 7 10 10 |
0|4 4 6       |
  ------------
Step 5: Move block 1 1 step to the right
  0 1 2 3 4 5 
  ------------
5|2 2     8   |
4|  1 1 1 8   |
3|  0 0 7 9   
2|3 5 5 7 9   |
1|3   6 7 10 10 |
0|4 4 6       |
  ------------
Step 6: Move block 3 2 steps up
  0 1 2 3 4 5 
  ------------
5|2 2     8   |
4|3 1 1 1 8   |
3|3 0 0 7 9   
2|  5 5 7 9   |
1|    6 7 10 10 |
0|4 4 6       |
  ------------
Step 7: Move block 5 1 step to the left
  0 1 2 3 4 5 
  ------------
5|2 2     8   |
4|3 1 1 1 8   |
3|3 0 0 7 9   
2|5 5   7 9   |
1|    6 7 10 10 |
0|4 4 6       |
  ------------
Step 8: Move block 6 1 step up
  0 1 2 3 4 5 
  ------------
5|2 2     8   |
4|3 1 1 1 8   |
3|3 0 0 7 9   
2|5 5 6 7 9   |
1|    6 7 10 10 |
0|4 4         |
  ------------
Step 9: Move block 4 3 steps to the right
  0 1 2 3 4 5 
  ------------
5|2 2     8   |
4|3 1 1 1 8   |
3|3 0 0 7 9   
2|5 5 6 7 9   |
1|    6 7 10 10 |
0|      4 4   |
  ------------
Step 10: Move block 6 1 step down
  0 1 2 3 4 5 
  ------------
5|2 2     8   |
4|3 1 1 1 8   |
3|3 0 0 7 9   
2|5 5   7 9   |
1|    6 7 10 10 |
0|    6 4 4   |
  ------------
Step 11: Move block 5 1 step to the right
  0 1 2 3 4 5 
  ------------
5|2 2     8   |
4|3 1 1 1 8   |
3|3 0 0 7 9   
2|  5 5 7 9   |
1|    6 7 10 10 |
0|    6 4 4   |
  ------------
Step 12: Move block 3 3 steps down
  0 1 2 3 4 5 
  ------------
5|2 2     8   |
4|  1 1 1 8   |
3|  0 0 7 9   
2|  5 5 7 9   |
1|3   6 7 10 10 |
0|3   6 4 4   |
  ------------
Step 13: Move block 0 1 step to the left
  0 1 2 3 4 5 
  ------------
5|2 2     8   |
4|  1 1 1 8   |
3|0 0   7 9   
2|  5 5 7 9   |
1|3   6 7 10 10 |
0|3   6 4 4   |
  ------------
Step 14: Move block 1 1 step to the left
  0 1 2 3 4 5 
  ------------
5|2 2     8   |
4|1 1 1   8   |
3|0 0   7 9   
2|  5 5 7 9   |
1|3   6 7 10 10 |
0|3   6 4 4   |
  ------------
Step 15: Move block 5 1 step to the left
  0 1 2 3 4 5 
  ------------
5|2 2     8   |
4|1 1 1   8   |
3|0 0   7 9   
2|5 5   7 9   |
1|3   6 7 10 10 |
0|3   6 4 4   |
  ------------
Step 16: Move block 6 2 steps up
  0 1 2 3 4 5 
  ------------
5|2 2     8   |
4|1 1 1   8   |
3|0 0 6 7 9   
2|5 5 6 7 9   |
1|3     7 10 10 |
0|3     4 4   |
  ------------
Step 17: Move block 4 2 steps to the left
  0 1 2 3 4 5 
  ------------
5|2 2     8   |
4|1 1 1   8   |
3|0 0 6 7 9   
2|5 5 6 7 9   |
1|3     7 10 10 |
0|3 4 4       |
  ------------
Step 18: Move block 7 1 step up
  0 1 2 3 4 5 
  ------------
5|2 2     8   |
4|1 1 1 7 8   |
3|0 0 6 7 9   
2|5 5 6 7 9   |
1|3       10 10 |
0|3 4 4       |
  ------------
Step 19: Move block 10 3 steps to the left
  0 1 2 3 4 5 
  ------------
5|2 2     8   |
4|1 1 1 7 8   |
3|0 0 6 7 9   
2|5 5 6 7 9   |
1|3 10 10       |
0|3 4 4       |
  ------------
Step 20: Move block 7 2 steps down
  0 1 2 3 4 5 
  ------------
5|2 2     8   |
4|1 1 1   8   |
3|0 0 6   9   
2|5 5 6 7 9   |
1|3 10 10 7     |
0|3 4 4 7     |
  ------------
Step 21: Move block 9 2 steps down
  0 1 2 3 4 5 
  ------------
5|2 2     8   |
4|1 1 1   8   |
3|0 0 6       
2|5 5 6 7     |
1|3 10 10 7 9   |
0|3 4 4 7 9   |
  ------------
Step 22: Move block 8 2 steps down
  0 1 2 3 4 5 
  ------------
5|2 2         |
4|1 1 1       |
3|0 0 6   8   
2|5 5 6 7 8   |
1|3 10 10 7 9   |
0|3 4 4 7 9   |
  ------------
Step 23: Move block 1 3 steps to the right
  0 1 2 3 4 5 
  ------------
5|2 2         |
4|      1 1 1 |
3|0 0 6   8   
2|5 5 6 7 8   |
1|3 10 10 7 9   |
0|3 4 4 7 9   |
  ------------
Step 24: Move block 2 3 steps to the right
  0 1 2 3 4 5 
  ------------
5|      2 2   |
4|      1 1 1 |
3|0 0 6   8   
2|5 5 6 7 8   |
1|3 10 10 7 9   |
0|3 4 4 7 9   |
  ------------
Step 25: Move block 6 2 steps up
  0 1 2 3 4 5 
  ------------
5|    6 2 2   |
4|    6 1 1 1 |
3|0 0     8   
2|5 5   7 8   |
1|3 10 10 7 9   |
0|3 4 4 7 9   |
  ------------
Step 26: Move block 0 1 step to the right
  0 1 2 3 4 5 
  ------------
5|    6 2 2   |
4|    6 1 1 1 |
3|  0 0   8   
2|5 5   7 8   |
1|3 10 10 7 9   |
0|3 4 4 7 9   |
  ------------
Step 27: Move block 5 1 step to the right
  0 1 2 3 4 5 
  ------------
5|    6 2 2   |
4|    6 1 1 1 |
3|  0 0   8   
2|  5 5 7 8   |
1|3 10 10 7 9   |
0|3 4 4 7 9   |
  ------------
Step 28: Move block 3 4 steps up
  0 1 2 3 4 5 
  ------------
5|3   6 2 2   |
4|3   6 1 1 1 |
3|  0 0   8   
2|  5 5 7 8   |
1|  10 10 7 9   |
0|  4 4 7 9   |
  ------------
Step 29: Move block 0 1 step to the left
  0 1 2 3 4 5 
  ------------
5|3   6 2 2   |
4|3   6 1 1 1 |
3|0 0     8   
2|  5 5 7 8   |
1|  10 10 7 9   |
0|  4 4 7 9   |
  ------------
Step 30: Move block 5 1 step to the left
  0 1 2 3 4 5 
  ------------
5|3   6 2 2   |
4|3   6 1 1 1 |
3|0 0     8   
2|5 5   7 8   |
1|  10 10 7 9   |
0|  4 4 7 9   |
  ------------
Step 31: Move block 10 1 step to the left
  0 1 2 3 4 5 
  ------------
5|3   6 2 2   |
4|3   6 1 1 1 |
3|0 0     8   
2|5 5   7 8   |
1|10 10   7 9   |
0|  4 4 7 9   |
  ------------
Step 32: Move block 6 3 steps down
  0 1 2 3 4 5 
  ------------
5|3     2 2   |
4|3     1 1 1 |
3|0 0     8   
2|5 5 6 7 8   |
1|10 10 6 7 9   |
0|  4 4 7 9   |
  ------------
Step 33: Move block 1 2 steps to the left
  0 1 2 3 4 5 
  ------------
5|3     2 2   |
4|3 1 1 1     |
3|0 0     8   
2|5 5 6 7 8   |
1|10 10 6 7 9   |
0|  4 4 7 9   |
  ------------
Step 34: Move block 2 1 step to the left
  0 1 2 3 4 5 
  ------------
5|3   2 2     |
4|3 1 1 1     |
3|0 0     8   
2|5 5 6 7 8   |
1|10 10 6 7 9   |
0|  4 4 7 9   |
  ------------
Step 35: Move block 8 2 steps up
  0 1 2 3 4 5 
  ------------
5|3   2 2 8   |
4|3 1 1 1 8   |
3|0 0         
2|5 5 6 7     |
1|10 10 6 7 9   |
0|  4 4 7 9   |
  ------------
