SOLUTION FOUND! :^)
Step 1: Move block 7 1 step up
  0 1 2 3 4 5 
  ------------
5|1 2 2 3 3   |
4|1   4   7   |
3|0 0 4 6 7   
2|      6 7   |
1|5 5 5 6     |
0|            |
  ------------
Step 2: Move block 6 1 step up
  0 1 2 3 4 5 
  ------------
5|1 2 2 3 3   |
4|1   4 6 7   |
3|0 0 4 6 7   
2|      6 7   |
1|5 5 5       |
0|            |
  ------------
Step 3: Move block 5 3 steps to the right
  0 1 2 3 4 5 
  ------------
5|1 2 2 3 3   |
4|1   4 6 7   |
3|0 0 4 6 7   
2|      6 7   |
1|      5 5 5 |
0|            |
  ------------
Step 4: Move block 4 2 steps down
  0 1 2 3 4 5 
  ------------
5|1 2 2 3 3   |
4|1     6 7   |
3|0 0   6 7   
2|    4 6 7   |
1|    4 5 5 5 |
0|            |
  ------------
Step 5: Move block 0 1 step to the right
  0 1 2 3 4 5 
  ------------
5|1 2 2 3 3   |
4|1     6 7   |
3|  0 0 6 7   
2|    4 6 7   |
1|    4 5 5 5 |
0|            |
  ------------
Step 6: Move block 1 4 steps down
  0 1 2 3 4 5 
  ------------
5|  2 2 3 3   |
4|      6 7   |
3|  0 0 6 7   
2|    4 6 7   |
1|1   4 5 5 5 |
0|1           |
  ------------
Step 7: Move block 2 1 step to the left
  0 1 2 3 4 5 
  ------------
5|2 2   3 3   |
4|      6 7   |
3|  0 0 6 7   
2|    4 6 7   |
1|1   4 5 5 5 |
0|1           |
  ------------
Step 8: Move block 0 1 step to the left
  0 1 2 3 4 5 
  ------------
5|2 2   3 3   |
4|      6 7   |
3|0 0   6 7   
2|    4 6 7   |
1|1   4 5 5 5 |
0|1           |
  ------------
Step 9: Move block 4 3 steps up
  0 1 2 3 4 5 
  ------------
5|2 2 4 3 3   |
4|    4 6 7   |
3|0 0   6 7   
2|      6 7   |
1|1     5 5 5 |
0|1           |
  ------------
Step 10: Move block 0 1 step to the right
  0 1 2 3 4 5 
  ------------
5|2 2 4 3 3   |
4|    4 6 7   |
3|  0 0 6 7   
2|      6 7   |
1|1     5 5 5 |
0|1           |
  ------------
Step 11: Move block 1 3 steps up
  0 1 2 3 4 5 
  ------------
5|2 2 4 3 3   |
4|1   4 6 7   |
3|1 0 0 6 7   
2|      6 7   |
1|      5 5 5 |
0|            |
  ------------
Step 12: Move block 5 3 steps to the left
  0 1 2 3 4 5 
  ------------
5|2 2 4 3 3   |
4|1   4 6 7   |
3|1 0 0 6 7   
2|      6 7   |
1|5 5 5       |
0|            |
  ------------
Step 13: Move block 6 2 steps down
  0 1 2 3 4 5 
  ------------
5|2 2 4 3 3   |
4|1   4   7   |
3|1 0 0   7   
2|      6 7   |
1|5 5 5 6     |
0|      6     |
  ------------
Step 14: Move block 7 2 steps down
  0 1 2 3 4 5 
  ------------
5|2 2 4 3 3   |
4|1   4       |
3|1 0 0       
2|      6 7   |
1|5 5 5 6 7   |
0|      6 7   |
  ------------
