SOLUTION FOUND! :^)
Step 1: Move block 3 2 steps down
  0 1 2 3 4 5 
  ------------
5|2 2   6 7 10 |
4|1 1   6 7 10 |
3|  0 0 6 7 11 
2|    4 4   11 |
1|3   5 8 8 8 |
0|3   5 9 9 9 |
  ------------
Step 2: Move block 4 1 step to the right
  0 1 2 3 4 5 
  ------------
5|2 2   6 7 10 |
4|1 1   6 7 10 |
3|  0 0 6 7 11 
2|      4 4 11 |
1|3   5 8 8 8 |
0|3   5 9 9 9 |
  ------------
Step 3: Move block 0 1 step to the left
  0 1 2 3 4 5 
  ------------
5|2 2   6 7 10 |
4|1 1   6 7 10 |
3|0 0   6 7 11 
2|      4 4 11 |
1|3   5 8 8 8 |
0|3   5 9 9 9 |
  ------------
Step 4: Move block 5 4 steps up
  0 1 2 3 4 5 
  ------------
5|2 2 5 6 7 10 |
4|1 1 5 6 7 10 |
3|0 0   6 7 11 
2|      4 4 11 |
1|3     8 8 8 |
0|3     9 9 9 |
  ------------
Step 5: Move block 0 1 step to the right
  0 1 2 3 4 5 
  ------------
5|2 2 5 6 7 10 |
4|1 1 5 6 7 10 |
3|  0 0 6 7 11 
2|      4 4 11 |
1|3     8 8 8 |
0|3     9 9 9 |
  ------------
Step 6: Move block 4 2 steps to the left
  0 1 2 3 4 5 
  ------------
5|2 2 5 6 7 10 |
4|1 1 5 6 7 10 |
3|  0 0 6 7 11 
2|  4 4     11 |
1|3     8 8 8 |
0|3     9 9 9 |
  ------------
Step 7: Move block 3 2 steps up
  0 1 2 3 4 5 
  ------------
5|2 2 5 6 7 10 |
4|1 1 5 6 7 10 |
3|3 0 0 6 7 11 
2|3 4 4     11 |
1|      8 8 8 |
0|      9 9 9 |
  ------------
Step 8: Move block 8 3 steps to the left
  0 1 2 3 4 5 
  ------------
5|2 2 5 6 7 10 |
4|1 1 5 6 7 10 |
3|3 0 0 6 7 11 
2|3 4 4     11 |
1|8 8 8       |
0|      9 9 9 |
  ------------
Step 9: Move block 11 1 step down
  0 1 2 3 4 5 
  ------------
5|2 2 5 6 7 10 |
4|1 1 5 6 7 10 |
3|3 0 0 6 7   
2|3 4 4     11 |
1|8 8 8     11 |
0|      9 9 9 |
  ------------
Step 10: Move block 9 3 steps to the left
  0 1 2 3 4 5 
  ------------
5|2 2 5 6 7 10 |
4|1 1 5 6 7 10 |
3|3 0 0 6 7   
2|3 4 4     11 |
1|8 8 8     11 |
0|9 9 9       |
  ------------
Step 11: Move block 6 3 steps down
  0 1 2 3 4 5 
  ------------
5|2 2 5   7 10 |
4|1 1 5   7 10 |
3|3 0 0   7   
2|3 4 4 6   11 |
1|8 8 8 6   11 |
0|9 9 9 6     |
  ------------
Step 12: Move block 7 3 steps down
  0 1 2 3 4 5 
  ------------
5|2 2 5     10 |
4|1 1 5     10 |
3|3 0 0       
2|3 4 4 6 7 11 |
1|8 8 8 6 7 11 |
0|9 9 9 6 7   |
  ------------
